ID	Correct	Predict	Error
pce_1	6.0	5.9685564041137695	0.03144359588623047
pce_100	5.0	1.1017134189605713	3.8982865810394287
pce_101	6.0	-0.1838383674621582	6.183838367462158
pce_106	2.0	8.302804946899414	6.302804946899414
pce_110	5.0	-1.3116109371185303	6.31161093711853
pce_111	10.0	3.1892006397247314	6.8107993602752686
pce_113	5.0	1.7140333652496338	3.285966634750366
pce_104	7.0	3.0036189556121826	3.9963810443878174
pce_102	5.0	4.183471202850342	0.8165287971496582
pce_115	1.0	-0.5374498963356018	1.5374498963356018
pce_108	2.0	1.8002934455871582	0.1997065544128418
pce_10	6.0	6.629108428955078	0.6291084289550781
pce_105	3.0	0.011775076389312744	2.9882249236106873
pce_0	2.0	1.0914695262908936	0.9085304737091064
pce_103	4.0	4.001072406768799	0.0010724067687988281
pce_107	5.0	2.9673702716827393	2.0326297283172607
pce_112	2.0	1.2945115566253662	0.7054884433746338
pce_11	4.0	3.467958688735962	0.5320413112640381
pce_117	4.0	2.077582597732544	1.922417402267456
pce_119	0.0	3.595440149307251	3.595440149307251
pce_118	5.0	6.899489402770996	1.899489402770996
pce_122	7.0	5.091292381286621	1.908707618713379
pce_121	0.0	7.384309768676758	7.384309768676758
pce_114	4.0	-1.0106947422027588	5.010694742202759
pce_12	2.0	-3.389561891555786	5.389561891555786
pce_125	7.0	2.7357919216156006	4.264208078384399
pce_127	1.0	2.4255688190460205	1.4255688190460205
pce_129	4.0	3.183114528656006	0.8168854713439941
pce_13	5.0	0.9376172423362732	4.062382757663727
pce_128	11.0	5.099654197692871	5.900345802307129
pce_109	1.0	6.328761100769043	5.328761100769043
pce_123	12.0	3.4676220417022705	8.53237795829773
pce_120	4.0	-0.5152093768119812	4.515209376811981
pce_130	3.0	4.847481727600098	1.8474817276000977
pce_133	5.0	2.080026388168335	2.919973611831665
pce_14	4.0	1.2086020708084106	2.7913979291915894
pce_142	4.0	2.6106412410736084	1.3893587589263916
pce_137	0.0	2.945035219192505	2.945035219192505
pce_132	0.0	0.11594468355178833	0.11594468355178833
pce_143	9.0	2.7720134258270264	6.227986574172974
pce_116	2.0	4.774387359619141	2.7743873596191406
pce_135	4.0	4.143803119659424	0.14380311965942383
pce_138	6.0	1.9672152996063232	4.032784700393677
pce_140	11.0	-0.6770358681678772	11.677035868167877
pce_126	2.0	4.057833194732666	2.057833194732666
pce_131	2.0	3.21229887008667	1.21229887008667
pce_124	5.0	4.044734477996826	0.9552655220031738
pce_151	5.0	2.3795149326324463	2.6204850673675537
pce_136	9.0	3.1719980239868164	5.828001976013184
pce_134	17.0	4.09014368057251	12.90985631942749
pce_152	1.0	2.9128577709198	1.9128577709197998
pce_141	2.0	0.5193065404891968	1.4806934595108032
pce_144	2.0	2.032862663269043	0.03286266326904297
pce_149	4.0	5.2142510414123535	1.2142510414123535
pce_147	1.0	1.7937378883361816	0.7937378883361816
pce_150	4.0	5.08034610748291	1.0803461074829102
pce_153	0.0	-2.944509744644165	2.944509744644165
pce_154	3.0	4.225466728210449	1.2254667282104492
pce_146	3.0	8.420188903808594	5.420188903808594
pce_145	9.0	1.6700186729431152	7.329981327056885
pce_139	6.0	4.1376237869262695	1.8623762130737305
pce_15	5.0	5.427055358886719	0.42705535888671875
pce_156	7.0	5.536902904510498	1.463097095489502
pce_165	8.0	4.03141975402832	3.9685802459716797
pce_148	7.0	-1.353273630142212	8.353273630142212
pce_158	6.0	1.0641388893127441	4.935861110687256
pce_159	5.0	6.209958076477051	1.2099580764770508
pce_157	10.0	2.550774335861206	7.449225664138794
pce_167	5.0	5.520275115966797	0.5202751159667969
pce_155	3.0	-1.7215759754180908	4.721575975418091
pce_164	5.0	2.0935540199279785	2.9064459800720215
pce_17	2.0	3.844818115234375	1.844818115234375
pce_166	13.0	6.121925354003906	6.878074645996094
pce_16	5.0	3.2363131046295166	1.7636868953704834
pce_161	8.0	2.464963436126709	5.535036563873291
pce_163	5.0	4.246621608734131	0.7533783912658691
pce_172	1.0	3.142807960510254	2.142807960510254
pce_169	11.0	0.5192137360572815	10.480786263942719
pce_173	2.0	1.7521138191223145	0.24788618087768555
pce_162	15.0	7.616261959075928	7.383738040924072
pce_171	7.0	2.740283250808716	4.259716749191284
pce_170	4.0	2.8622186183929443	1.1377813816070557
pce_177	1.0	2.7018935680389404	1.7018935680389404
pce_176	0.0	-0.5822332501411438	0.5822332501411438
pce_175	1.0	6.861220836639404	5.861220836639404
pce_174	9.0	2.1396501064300537	6.860349893569946
pce_178	10.0	1.0018959045410156	8.998104095458984
pce_181	3.0	3.0095577239990234	0.009557723999023438
pce_180	4.0	7.142397880554199	3.142397880554199
pce_186	0.0	-1.900580644607544	1.900580644607544
pce_179	5.0	4.310531139373779	0.6894688606262207
pce_18	6.0	4.847509384155273	1.1524906158447266
pce_184	6.0	-1.708117961883545	7.708117961883545
pce_183	6.0	5.492212772369385	0.5077872276306152
pce_21	6.0	2.8810653686523438	3.1189346313476562
pce_185	3.0	5.959660053253174	2.959660053253174
pce_160	6.0	1.3571913242340088	4.642808675765991
pce_20	0.0	0.8522804975509644	0.8522804975509644
pce_188	0.0	5.2582855224609375	5.2582855224609375
pce_189	3.0	3.585961103439331	0.585961103439331
pce_190	3.0	2.536933183670044	0.46306681632995605
pce_191	5.0	12.977326393127441	7.977326393127441
pce_187	9.0	2.111076593399048	6.888923406600952
pce_19	3.0	1.0262551307678223	1.9737448692321777
pce_182	7.0	1.109269380569458	5.890730619430542
pce_192	7.0	2.8055896759033203	4.19441032409668
pce_168	3.0	1.4906771183013916	1.5093228816986084
pce_33	7.0	-0.5209893584251404	7.52098935842514
pce_2	3.0	7.241116523742676	4.241116523742676
pce_26	7.0	5.885580062866211	1.114419937133789
pce_28	2.0	2.351489782333374	0.351489782333374
pce_24	5.0	3.3658907413482666	1.6341092586517334
pce_30	1.0	1.950711965560913	0.9507119655609131
pce_27	1.0	1.6946203708648682	0.6946203708648682
pce_32	7.0	4.373832702636719	2.6261672973632812
pce_23	4.0	0.7916653752326965	3.2083346247673035
pce_22	2.0	5.2738118171691895	3.2738118171691895
pce_39	0.0	4.079276084899902	4.079276084899902
pce_3	1.0	1.3499553203582764	0.34995532035827637
pce_25	2.0	7.868485450744629	5.868485450744629
pce_29	3.0	3.230832576751709	0.23083257675170898
pce_37	1.0	6.454578876495361	5.454578876495361
pce_31	8.0	2.3405025005340576	5.659497499465942
pce_34	3.0	3.4526708126068115	0.4526708126068115
pce_42	0.0	3.381089448928833	3.381089448928833
pce_40	6.0	2.5308640003204346	3.4691359996795654
pce_43	3.0	1.757819414138794	1.242180585861206
pce_36	1.0	0.984640896320343	0.015359103679656982
pce_35	1.0	9.216949462890625	8.216949462890625
pce_38	8.0	1.2802574634552002	6.7197425365448
pce_45	6.0	4.663108825683594	1.3368911743164062
pce_4	3.0	-0.5930928587913513	3.5930928587913513
pce_41	1.0	4.147751808166504	3.147751808166504
pce_50	9.0	2.176076889038086	6.823923110961914
pce_46	3.0	5.3665385246276855	2.3665385246276855
pce_53	0.0	4.403004169464111	4.403004169464111
pce_54	2.0	1.7364461421966553	0.2635538578033447
pce_5	6.0	3.891685962677002	2.108314037322998
pce_51	2.0	2.725625991821289	0.7256259918212891
pce_58	2.0	-2.1503779888153076	4.150377988815308
pce_55	0.0	10.564279556274414	10.564279556274414
pce_57	5.0	4.8649115562438965	0.13508844375610352
pce_47	7.0	6.8641839027404785	0.13581609725952148
pce_48	4.0	4.136174201965332	0.13617420196533203
pce_49	8.0	-8.853193283081055	16.853193283081055
pce_59	2.0	3.2902867794036865	1.2902867794036865
pce_44	3.0	3.7954580783843994	0.7954580783843994
pce_6	0.0	0.6236190795898438	0.6236190795898438
pce_62	3.0	5.10202169418335	2.1020216941833496
pce_56	5.0	2.6933979988098145	2.3066020011901855
pce_67	5.0	2.8519840240478516	2.1480159759521484
pce_60	3.0	2.9582951068878174	0.04170489311218262
pce_52	4.0	1.7074191570281982	2.2925808429718018
pce_65	1.0	2.0403366088867188	1.0403366088867188
pce_63	2.0	7.544895648956299	5.544895648956299
pce_69	7.0	-4.30157995223999	11.30157995223999
pce_71	5.0	2.0070879459381104	2.9929120540618896
pce_70	1.0	0.7198765873908997	0.28012341260910034
pce_61	3.0	13.432851791381836	10.432851791381836
pce_72	5.0	5.819262504577637	0.8192625045776367
pce_73	4.0	9.61050796508789	5.610507965087891
pce_7	2.0	11.766743659973145	9.766743659973145
pce_75	5.0	6.008950233459473	1.0089502334594727
pce_68	1.0	1.7787902355194092	0.7787902355194092
pce_66	3.0	-13.444740295410156	16.444740295410156
pce_80	2.0	2.7218525409698486	0.7218525409698486
pce_8	9.0	4.5573835372924805	4.4426164627075195
pce_78	6.0	3.3766582012176514	2.6233417987823486
pce_74	4.0	1.5335662364959717	2.4664337635040283
pce_86	6.0	2.4907398223876953	3.5092601776123047
pce_81	0.0	2.89587140083313	2.89587140083313
pce_88	7.0	5.238795757293701	1.7612042427062988
pce_85	2.0	8.242889404296875	6.242889404296875
pce_87	4.0	5.004977226257324	1.0049772262573242
pce_76	6.0	-4.425122261047363	10.425122261047363
pce_77	6.0	-4.709676742553711	10.709676742553711
pce_89	1.0	4.180218696594238	3.1802186965942383
pce_84	2.0	7.907964706420898	5.907964706420898
pce_64	4.0	3.3823540210723877	0.6176459789276123
pce_9	14.0	8.501616477966309	5.498383522033691
pce_90	4.0	2.3634285926818848	1.6365714073181152
pce_82	7.0	-7.42852783203125	14.42852783203125
pce_92	2.0	6.587258338928223	4.587258338928223
pce_91	0.0	9.347833633422852	9.347833633422852
pce_95	3.0	4.954212188720703	1.9542121887207031
pce_79	2.0	5.088698387145996	3.088698387145996
pce_99	1.0	2.65756893157959	1.6575689315795898
pce_98	6.0	1.3446269035339355	4.6553730964660645
pce_93	6.0	1.0202298164367676	4.979770183563232
pce_83	4.0	7.888553142547607	3.8885531425476074
pce_97	3.0	5.741580486297607	2.7415804862976074
pce_94	4.0	5.859836101531982	1.8598361015319824
pce_96	7.0	1.6123523712158203	5.38764762878418
